57643
19062
11105
72032
16289
42361
45873
16167
57216
15920
22534
38721
27502
17094
84849
20884
21987
39419
10839
77870
94474
29876
72281
52066
11847
83711
47340
54869
63495
87421
12673
21401
13800
35534
51304
51515
25160
39133
68329
56917
68841
27693
82953
47353
70002
74154
86034
95639
45722
69049
51692
39166
30495
81255
60454
26224
74983
55752
22465
57854
94700
83099
26617
23277
34125
61685
49752
82839
28748
19753
76703
41076
94607
88668
56446
93070
25427
51967
23531
44724
32642
54203
62977
31242
94016
55953
35527
54207
44027
82186
72150
68617
57085
18164
28818
94464
73344
76429
25559
24143
12888
33654
13309
90824
42199
99525
60919
14832
83140
68116
35265
30971
84947
35362
98472
32851
47123
37165
64938
39094
32542
70739
59747
51960
75826
96621
80372
15595
17009
87108
70344
12951
25963
60994
26308
58823
18153
20975
42013
53539
40729
10964
76208
55734
29742
40999
61760
57734
32323
53967
41453
53895
99823
12983
71421
76964
82841
55517
75661
22232
36803
83930
54392
67783
78834
46044
97734
16374
23972
80360
48876
11260
53596
60950
37956
87063
66760
24341
13907
39084
30798
30370
57538
41199
79187
43099
13070
39307
89252
94161
91119
97429
64997
32145
13342
82088
61898
72616
17954
58825
44525
28074
17636
94958
48971
85361
82391
69603
64066
65092
49086
42231
56734
76829
99378
59516
18672
68792
46265
28964
14875
95708
38828
56799
40443
64615
27557
89585
67867
28621
88258
73478
98662
38098
76219
23664
70807
64392
39683
47297
25007
90841
82423
56193
83332
17826
95927
62664
33750
51457
47908
67000
66855
20055
60010
30431
12321
53585
55043
20000
28871
82812
13060
70027
80606
55151
63800
35192
78917
92483
10457
70963
67927
36688
93141
93362
81614
81186
56418
64292
43290
10656
38812
33000
18100
37989
14064
14399
22066
49658
29682
59980
91466
70211
35905
67755
75456
54074
23976
22224
78250
53819
99580
49653
13703
39210
13265
70869
42643
97800
33668
62475
64693
31715
83449
33033
39765
93890
23400
92189
63780
73093
13323
69167
48878
13718
27903
69456
46468
52145
20909
22536
80514
98390
78956
23497
15348
61890
89951
20728
49303
30422
73676
49698
76046
45242
25389
32448
59354
70423
89306
59766
37037
65021
54230
43969
50630
54139
85677
47692
21467
83644
21789
13648
28017
74883
16109
46184
36000
33728
44888
11222
36641
42426
93707
82249
86185
63476
52464
33497
51699
67877
16955
49928
16708
91134
24080
16031
49022
88710
22505
22483
10981
74260
53783
67774
56303
87017
25003
54386
55011
35564
43205
90317
65967
27412
26888
50833
90825
68203
51609
69744
56356
89107
88509
92237
44066
80980
98957
22264
60969
17620
90800
62862
27780
66419
70524
26486
72422
90508
28259
14239
21310
35507
77638
10307
71173
39165
92119
52470
18950
55271
25924
55619
48809
32300
60316
44763
25666
81291
60771
81653
67405
79747
47382
29989
50331
17848
89637
98116
80694
95798
78442
45090
23385
86919
71255
82002
89066
98896
27000
99089
13394
20748
88835
87101
61684
87896
97799
63040
85411
34131
65406
91155
65832
81208
85395
16926
35793
12707
67126
92795
91840
54768
52180
53100
73239
49380
80253
53209
11121
44463
53271
69448
36173
60547
54971
44418
66775
71561
32773
76204
98547
24876
33855
28306
30050
21242
19505
54591
72512
10186
98061
83084
38957
56756
36706
82325
24632
55788
21147
97814
76627
83496
35495
57929
44008
68284
58203
33603
91850
55632
48086
96381
77170
39336
74736
92977
74412
99801
51368
68476
21734
85160
67622
33195
99282
40016
70136
60848
79546
71409
48029
75919
26206
26139
98726
75480
60703
56290
20547
85264
72745
11648
89927
41626
40096
11676
38937
95166
45499
44553
58227
78021
31576
25095
62956
87587
37318
31960
44972
47152
48034
99245
51671
31412
19038
30040
81022
28727
63343
44062
52098
32337
10627
86438
11359
79827
50991
41506
64427
30314
55147
24076
55139
84755
77418
65841
89026
43842
69091
45281
76721
85918
75795
25664
97570
52566
56772
66023
70877
58489
97243
90065
15509
16396
52851
27226
90734
69265
52153
62294
60456
22359
72820
16060
48347
93708
40506
34923
82726
75211
42580
55998
36766
49855
95715
88333
43573
58068
65789
26337
41559
94353
60210
31864
43486
89008
40463
69990
43940
77221
75112
10957
74710
59368
32133
75434
14918
78742
47615
92968
34542
38734
10118
43713
82778
90759
65951
60584
74575
79698
25005
87205
61821
91262
59774
25663
59643
91239
67918
90338
46014
83831
61964
93797
31368
25677
98724
45567
58366
97070
42402
30156
21792
88704
86958
87735
46436
67398
25402
75281
10908
13665
14289
78567
58378
70508
27417
39259
75173
67055
94446
13538
47472
73403
80112
53479
68774
15947
98908
34832
49962
37504
75818
61492
46636
60015
91286
37897
92495
86458
39276
22884
71464
32095
54595
24423
22187
82210
19488
65566
77921
17295
91582
24317
68159
81663
78357
36492
53202
64614
13683
46365
61031
52374
24823
90438
14871
65089
37779
39308
32476
61005
22943
87147
25126
16978
60815
84082
73857
18643
90549
30337
62788
36450
18667
31868
34793
87706
24983
49759
88262
75939
19997
62343
45616
45860
68344
55812
58211
57040
60518
71099
24428
54582
55276
58848
75393
11569
88739
92898
91074
68506
28953
40480
78476
52052
38383
94501
11804
88802
14159
31951
71802
51736
40245
76174
65410
77053
47630
22202
67248
18768
75554
91793
15692
78398
64570
85672
32952
72503
62594
14375
98715
68922
14526
47522
58875
90570
36853
72716
64202
18894
16184
18595
68531
29435
48615
90773
65539
37091
85835
93470
71460
67920
71775
31403
68444
57842
12734
14195
63687
19494
28761
64063
90511
47699
99339
64610
30124
44098
92946
63078
69198
81067
27276
60707
92750
15611
80632
81434
31643
12277
94027
65878
88364
66635
70736
94291
96756
74141
99623
47960
67373
44303
24370
41710
27632
14584
12530
99369
47344
69327
51570
29199
16964
95237
22379
85798
25053
61660
41800
16124
63219
81668
75520
99726
38012
38268
92610
27885
21596
67364
75268
91852
62389
10196
92074
29408
21662
13219
13114
48531
71249
67554
86260
87497
16230
38758
84298
84242
95389
77666
79652
83324
53778
43407
99150
16081
73980
63828
47913
67136
97672
98377
36910
61140
69501
91030
37044
71591
87886
51030
12076
82030
28642
45176
44774
35230
85460
95631
77427
26839
98740
55636
14543
71485
78254
28704
