17620
47340
16109
30050
65967
35795
16124
65832
47340
71163
30837
64603
32313
50986
67526
64392
59516
98547
29910
15917
57604
18768
16109
21561
24044
11404
29941
62664
62664
46184
51492
77546
70131
46986
41199
39683
55295
88509
62664
84849
33033
78397
22601
27226
59980
16109
84849
62349
59516
22317
17620
65967
55388
17869
41199
81511
16124
90759
24501
22943
59516
31049
32773
52176
18754
11874
44170
26115
62664
73220
16124
60454
98100
47340
90759
65832
65524
16964
92947
76864
60237
22536
69799
64392
75284
84849
83890
16964
46184
60112
28927
89252
65832
39683
61894
96385
17681
27054
84215
65907
93195
52859
67042
55187
61494
33401
59516
74668
90759
75402
16124
57216
98547
15902
65832
30050
23601
73599
97672
16964
84849
89107
65832
87068
16109
92566
60656
92864
59796
16124
85636
89107
41199
12246
96930
37556
72254
11570
30141
39683
63401
17620
18768
12636
14160
33033
47123
85993
17620
71169
60454
39683
30156
20098
47829
33049
87433
47340
17620
16081
33033
32773
29132
27226
34040
60454
41199
82621
39787
33654
34378
16124
71313
65832
90734
64392
90734
90734
56662
64270
22591
22943
93797
60454
25199
18768
20881
45484
40350
81798
39683
39599
20578
98547
90759
58672
62664
78897
71652
68383
30658
33033
16124
61724
47340
48120
68794
23741
13582
45163
32773
98547
81797
30156
42745
22285
47123
97672
17620
77566
61068
23528
65832
51315
92737
32773
27226
76621
61305
65979
32773
16124
32773
90759
18768
32773
82839
16109
87325
91952
37572
32773
60454
59516
82839
59516
82839
88503
27771
90759
27341
30050
14734
52372
16109
95964
30156
88159
18768
73383
41199
89107
71616
36310
30050
27226
64392
66432
29589
32773
20728
57216
91119
67070
64392
16124
94940
66565
60166
70331
65832
27226
40982
16124
17109
85483
82711
16964
72604
47123
59516
19363
89107
30342
27226
17620
10664
65832
91119
80267
16081
26866
53011
89107
18768
33033
19583
74044
64392
80872
90759
21888
83264
99185
13990
91104
60517
60670
17620
93768
16109
50153
89107
61436
55630
57216
94896
16109
60454
30596
89107
67083
43159
36556
60454
55983
47123
90734
31879
79394
30713
57216
33033
81919
17620
84849
40202
47299
82839
89252
65967
27268
98547
18895
18768
63446
65832
88509
88746
37399
22536
67594
97672
90759
57216
49798
72646
30050
44597
22536
59516
30050
78012
18768
90734
39683
79158
45090
24645
47340
31223
36634
69854
61017
62664
29644
98547
91119
74628
44253
27651
33033
76873
90620
62664
16124
66706
74124
57216
20728
32773
45090
90759
96125
57216
88804
67612
83419
16964
18108
69179
65832
89107
54941
65832
90734
36406
58864
60659
41199
33654
40115
93572
64392
18768
60454
86222
27226
98298
30050
41199
39683
86711
62664
83310
33033
98232
57216
86108
17765
42325
29040
56949
20728
18768
53100
16153
74270
16964
67521
93797
16964
89107
52151
33033
34981
44690
60454
18768
64392
45090
10999
99645
94611
62664
59516
33033
97672
16109
86008
64545
90734
18768
89107
47340
16109
82505
16081
20728
62664
89107
74658
83937
99556
33674
55861
46184
99827
30050
57216
52814
88509
84607
65833
17819
30156
69810
49485
76262
49131
33033
39683
84849
76937
63218
75774
27226
65832
19905
21069
91318
81715
16081
22287
90759
16554
12914
90734
14213
48135
73973
72386
42401
32773
53473
98547
32773
47179
90734
34600
25888
89467
57216
45700
16109
30156
37332
20370
59516
91682
39247
16124
33894
10569
84849
85833
15527
93797
47340
58501
17620
27226
45090
91119
80512
32773
17620
59575
10061
67727
47112
16964
34780
45090
47123
17620
47340
16333
16081
16109
97672
17620
41885
15733
64392
22536
98547
97594
27226
92683
90759
19438
32773
33033
78113
59274
43830
48890
26768
84849
30050
55462
69405
57216
20728
92094
53100
16109
24270
89381
62053
90734
20786
69696
47340
91119
97672
78893
73474
64392
58282
38013
51690
97672
30156
65832
39683
83092
17102
17620
92274
97447
57216
30383
30156
55704
15961
56257
46184
70725
60352
17620
16081
96590
87622
64392
96477
46960
16124
45713
56385
56305
47123
59516
22831
88509
11949
16109
97672
16152
16124
45090
26606
60454
57216
37173
64233
46280
94103
43319
67256
16081
39630
22943
48776
81825
89107
29137
22547
30050
56443
18768
98547
78948
12120
89107
33654
72998
89107
51635
59414
71551
22943
20291
56801
55518
90734
30050
35684
97672
65365
39683
97672
41199
69895
36850
16124
56501
18768
18768
27226
27226
25578
87690
47340
89252
90759
59638
62664
23553
44041
22943
45061
39747
97672
43711
65967
69189
97038
89243
95547
39683
56544
32898
22943
19318
27226
16670
79914
31265
18768
58536
58240
93924
98146
95703
90734
39683
79739
88002
95443
33654
97672
59516
52244
45090
36056
16109
46184
91119
32773
93797
61612
56365
45090
87760
27226
94229
91119
48731
88509
68008
62589
92247
45090
89107
94508
79967
23724
65832
85336
36692
30156
82672
18768
45090
97672
32489
87616
20993
16124
12698
80660
17620
46184
89107
13389
93342
72087
93797
67867
64984
61047
32773
84849
91530
27226
17135
50284
89107
76729
58359
76480
64392
88556
56462
97672
93888
11535
68813
30050
57926
32773
57155
57216
90308
55066
20728
97672
68342
60454
83347
19081
78420
64392
68489
33654
90759
69088
58424
92541
72137
20700
25669
90759
93797
33196
79841
39683
79537
62664
73334
27226
84849
41199
16109
97672
96505
60454
37902
93797
46027
47340
98105
68010
64392
19785
65951
93129
60939
47817
53863
27240
93797
62664
45090
45090
94452
33033
97672
16964
16124
90759
32585
16320
93186
80052
74944
89107
65832
35998
41229
73891
65967
70887
50742
17620
90759
74495
87080
39683
39683
60454
71049
19253
66283
62664
16124
10833
93797
22536
30050
89107
46282
98547
46619
49881
33033
46184
73977
21223
98354
64392
28999
91119
97672
41607
47340
22536
38508
20728
33033
18768
16541
11107
46184
61946
29761
90759
41199
27180
62664
95048
35616
28270
39683
79737
16081
93797
13109
26416
91119
24011
97672
98704
21659
84076
53612
47123
31697
32940
89107
21512
31805
20665
79621
59516
70849
46623
90759
30050
16124
86465
73820
44579
62664
57216
83484
59782
29507
17620
58641
59516
97390
90734
75087
16109
93797
96356
45251
16124
39683
64392
65967
32551
60454
95851
73711
92783
73053
78500
66420
84991
90759
64392
51814
16109
61007
68306
60454
